var1<-5
7->var2
var1+var2
var1-var2
var1*var2
var1/var2


var1>var2

var1<var2
var1!=var2
var1==var2

var1<-TRUE
var2<-FALSE

!var1
var1&var2
var1|var2